solo:-1.3456166189879081E-5
ewlo:12.14366105697093
sole:8.032552222647935
ewln:2.7122658263270196
ewls:1.8794659895228385
ewle:2.7226981111704283
ewlw:14.058873869619537
wnlo:4.993252493953425
sols:15.080645706614359
wnln:1.7290909364951081
wnls:1.1712667530650214
wnle:0.7323210667062042
wnlw:7.119950734386802
wnmo:0.0
wnmn:0.0
wnms:0.0
wnme:0.0
wnmw:0.005642112296451741
swmo:1.9233257325318653E-15
swmn:0.0
swms:0.0
swme:0.0
swmw:0.0
swho:0.0
swhn:0.0
swhs:0.0
swhe:0.0
swhw:1.8284054199144407E-6
ewho:1.9647578884168913E-13
ewhn:0.0
ewhs:0.0
ewhe:4.739483389985897E-10
ewhw:0.0
nwho:0.0
nwhn:0.0
nwhs:0.0
nwhe:0.0
nwhw:0.7150000480747808
wwho:0.0
wwhn:1.647494831032233E-9
wwhs:0.0
wwhe:0.0
wwhw:0.0
nolo:-2.258853826957336E-4
nelo:7.654332525197658
nolw:5.992552329849716
neln:2.8589530340751885
nels:2.744607080725159
nele:8.982264588706641
nelw:3.19246279639838
welo:7.825348627708384
weln:3.5453866235549323
wels:3.154504929559359
wele:9.095273851253479
welw:3.436593171889271
wemo:0.004118157001573943
wemn:0.0
wems:0.0
weme:0.0
wemw:0.0
ssmo:0.0
ssmn:0.0
ssms:0.0
ssme:0.0
ssmw:0.0
nwmo:1.3068310996112895E-10
nwmn:0.0
nwms:0.0
nwme:0.0
nwmw:0.0
wolo:0.0
wole:7.797105284315915
enlo:20.053502766703684
wols:14.735338419283867
enln:23.64569030480321
enls:2.240688173364272
enle:1.6762231493283135
enlw:1.5066519782282735
enmo:9.047826741197459E-6
enmn:0.0
enms:0.0
enme:0.0
enmw:0.0
enho:0.0
enhn:0.0
enhs:0.0
enhe:0.0
enhw:0.014135089686789037
weho:8.523468000000001E-4
wehn:0.0
wehs:0.0
wehe:1.5735794081201928
wehw:0.0
neho:0.0
nehn:0.0
nehs:0.0
nehe:0.0
nehw:0.0
wolw:6.049195552227414
nemo:0.0
nemn:0.0
nems:0.0
neme:0.7732873497555559
nemw:0.0
seho:0.0
sehn:8.548134123740632E-4
sehs:0.0
sehe:0.0
sehw:0.0
esho:0.0
eshn:0.0
eshs:0.0
eshe:8.575891403181875E-13
eshw:0.0
ssho:0.0
sshn:3.879358112684933E-16
sshs:0.0
sshe:0.0
sshw:0.0
wsho:0.0
wshn:0.0
wshs:0.0
wshe:0.0
wshw:0.0
nsho:0.0
nshn:0.0
nshs:0.0
nshe:0.0
nshw:0.0
nnho:0.0
nnhn:0.0
nnhs:0.0
nnhe:0.0
nnhw:0.0
snho:0.0
snhn:0.0
snhs:1.42870185007451E-4
snhe:0.0
snhw:0.0
eeho:0.0
eehn:0.012450573222858334
eehs:0.0
eehe:0.0
eehw:0.0
wnho:0.0
wnhn:0.0
wnhs:0.0
wnhe:1.316402711237461E-10
wnhw:0.0
nole:8.09536948158535
swlo:9.853085591788954
swlw:11.382602389859603
nols:15.095576358965507
selo:6.66688615684416
semw:0.0013067335786021113
semo:0.0
sems:5.314928753429235E-9
eemo:7.715066752953034E-7
nwlo:6.07621264126393
nwls:0.6770974106716107
wwlo:3.421770412931727
wwln:7.308994519762047
nwln:7.930782576876599
wslo:19.390287767875126
wsls:23.7286578707996
snlo:21.673386776774766
snlw:1.340993580855974
sele:5.887830395029228
snle:1.529118695478301
snln:24.771974880327036
swle:2.988241575771794
swln:3.087879636954856
nwle:0.530471819886341
eolo:0.0
eoln:16.211363980284997
eslo:21.398016286631346
esln:2.227323480642769
wsle:1.5340509585661615
wslw:1.095022544569455
esls:24.14731792094244
eols:15.639481619370141
eole:8.24793396975772
eolw:6.132941348719464
selw:7.7955844461747965
sels:3.7339000307381487
eelo:5.5242622286806835
eele:7.437455611826181
noln:15.508290950703037
seln:4.457628450753196
woln:15.650388112662085
nslo:20.091657692660768
nsls:22.859483566697328
esle:1.455269262187108
soln:15.568938847206345
solw:5.848358807509445
eels:0.7126268700620977
nnlo:1.4879567742483206
nnle:9.239841640321433
nnlw:0.1295175327767633
nslw:1.3354148659187406
swls:1.753315758204778
sslo:9.65154585260946
ssle:10.760402502209015
sslw:2.711956442863869
wsln:2.171266557218895
eslw:1.4381970703830724
eelw:0.756093948111067
ssln:7.243229035802127
ssls:4.596958591785824
nsle:1.4723486679288877
nsln:1.7333341172146248
wwls:0.24263184106321675
nnln:0.14051437369142264
eeln:0.7437095042766221
snls:1.6904587328850613
nwlw:2.056530256635381
wwle:0.35634776195588364
wwlw:0.534206195718171
ewmo:0.0
ewms:0.0
wwmo:0.0
ewme:1.1828119994878991E-13
nnls:0.4266451305115565
esmo:0.0
esmw:0.002032939967905712
eeme:0.0037569493266872128
eems:3.195337837365984E-9